6 0.952778 0.247000 0.062222 0.190000
1 0.977222 0.286500 0.016667 0.052000
1 0.946111 0.325750 0.018333 0.029500
6 0.449167 0.427500 0.090556 0.064000
5 0.970417 0.443250 0.013056 0.043500
3 0.940417 0.194750 0.038611 0.080500
6 0.192222 0.962250 0.050000 0.033500
2 0.946250 0.171000 0.017500 0.036000
3 0.417639 0.426000 0.026389 0.065000
5 0.549444 0.446000 0.021667 0.027000
1 0.466944 0.448250 0.021111 0.021500
6 0.583889 0.958000 0.031111 0.057000
0 0.943472 0.226750 0.015278 0.029500
3 0.208750 0.963000 0.016944 0.032000
4 0.965417 0.320000 0.018611 0.052000
4 0.488333 0.437000 0.020556 0.033000
6 0.094167 0.440750 0.043889 0.035500
0 0.960972 0.186250 0.012500 0.036500
1 0.092778 0.448750 0.011111 0.019500
2 0.410417 0.445250 0.013056 0.026500
1 0.078333 0.446500 0.014444 0.024000
